Shader : engineresources/shaders/animationshader/animation.vert + engineresources/shaders/unlit.frag
Roughness : 0.500000
Metallic : 0.000000
Ambient : 0.000000 0.000000 0.000000 1.000000
Diffuse : 0.152941 0.211765 0.223529 0.392157
Specular : 0.282048 0.282048 0.282048 1.000000
Shininess : 32.000000
