Shader : engineresources/shaders/animationshader/animation.vert + engineresources/shaders/phong.frag
Texture : assets/models/ch36_1001_diffuse.png
Roughness : 0.500000
Metallic : 0.000000
Ambient : 0.000000 0.000000 0.000000 1.000000
Diffuse : 1.000000 1.000000 1.000000 1.000000
Specular : 0.500000 0.500000 0.500000 1.000000
Shininess : 32.000000
