Shader : engineresources/shaders/pbr
Texture : assets/models/radio.png
NM : engineresources/textures/normal_map.png
Roughness : 0.500000
Metallic : 0.000000
Ambient : 0.050876 0.050876 0.050876 1.000000
Diffuse : 0.476990 0.476990 0.476990 1.000000
Specular : 0.476990 0.476990 0.476990 1.000000
Shininess : 32.000000
