sf : 2.000000
df : 2.000000
re : 0.000000
