Shader : engineresources/shaders/phong
Roughness : 0.500000
Metallic : 0.000000
Ambient : 1.000000 1.000000 1.000000 1.000000
Diffuse : 0.800000 0.800000 0.800000 1.000000
Specular : 0.500000 0.500000 0.500000 1.000000
Shininess : 32.000000
