Shader : engineresources/shaders/phong
Texture : engineresources/textures/color variations/afrc_tex_col5.png
Roughness : 0.500000
Metallic : 0.000000
Ambient : 1.000000 1.000000 1.000000 1.000000
Diffuse : 1.000000 1.000000 1.000000 1.000000
Specular : 1.000000 1.000000 1.000000 1.000000
Shininess : 32.000000
