Shader : engineresources/shaders/phong
Texture : assets/materials/11980.jpg
Roughness : 0.500000
Metallic : 0.000000
Ambient : 1.000000 1.000000 1.000000 1.000000
Diffuse : 1.000000 1.000000 1.000000 1.000000
Specular : 1.000000 1.000000 1.000000 1.000000
Shininess : 32.000000
